³⁴19-—

νὰζω.
γεγύμνασμὰι. ind. —. parma 35, 83 3, 108, 6. inf. 3, 89, 5

γυμνόω.
γεγύμνωμαι. ind. —-. part. —-. inf. 10, 27,10.

δαπανάω.
δεδαπάνηκα. ind. —. part. —. inf. 28, 7, 7.
δεδαπάνημαι. ind. —. part.·18, 11,10. inf. —.

δέδια.

ind. 5, 55, 3 (ρ), 6, 16, 5, 21, 11, 2 (ρ), 21, 41, 4 (ρ), 23, 7,
6 (ρ), 38. 21,1. part. 1, 7, 63 1, 28, 11, 1, 39, 12, 2, 47,
4, 3, 50, 2, 3, 53, 1, 3, 69, 3; 3,112,7; 4, 3, 3;'4, 30, 2,
4, 34, 6, 4, 60, 1, 4, 71, 6, 4, 74, 7, 5, 2, 3, 5, 3, 1; 5, 33,
43 5, 36, 3, 5, 50, 2, 5, 73,11, 5, 76, 9 bis3 5, 105, 8, 6,
17, 83 6,18,8; 6,37, 123 7, 5, 3, 7,17, 5, 8, 31, 3; 8,
35, 2, 9,18,6; 10, 41, 3, 14,10,7; 16, 9, 3, 18, 9, 2318,
43, 53 20, 3, 4⁴3 21, 6, 2, 22, 14, 43 28,15, 1, 30, 21, 5;
38, 4, 3, 38,10,10. inf. 9, 4, 13 10, 39, 9, 21,11, 11; 23,
10,13; 28, 17, 12, 30, 9, 10, 30, 9,16, 32, 3, 3.

δείκνυμι.
δέδειχα. ind. 5, 105, 9, 11, 29, 3 (ἀνα), 15, 5, 6 (ὑπο), 21, 21,
3 (ἀνα). part. 4, 48, 3 (ἀνα), 4, 51, 3 (ἀνα), 30, 19, 3 (ἀνα).
inf. 10, 11, 7 (ὑπο).
δέδειγμαι. ind. 2, 71, 7 (ὑπο). part. 6, 35, 7 (ἀπο), 10, 5, 2
(ἀπο), 14, 11, 4 (ἀπο), 30, 2, 6 (ἀνα). inf. 29, 23, 4 (ἀνα).

(ἀπο)δειλιάω.
ἇποδεδειλίακα. ind. —. part. 1, 15, 4, 1, 15, 73 3, 89, 3, 6,
38, 23 18, 26, 11. inf.v 6, 58, 6.

δέχομαι.
δέδεγμαι. ind. 2, 2, 9 (ἀνα), 4, 2, 7 (p, δι-); 39, 8, 5 (p, δι-).
— part. 1, 82, 8 (ἀνα), 5, 34, 2 (δια), 9, 34,'8 (προσ), 11, 10,
7 (ἀπο), 27, 3, 5 (ἀπο), 31, 2, 7 (δια), 31, 3, 1 (δια), 31, 7,
1 (προσ), 31, 11, 8 (δια), 38, 9, 8 (ἀπο), fr. 129 (ἀνα). inf. —.

δέδεμαι. ind. 1‚⁷22‚ 8 (p, ἐν).δέι;51·ῐ. 1, 23, 63 3, 46, 43 6, 17,
83 8, 6, 6 (ἐν), 8, 8, 23 8, 22, 9, 8, 22, 12, 8, 38, 1 (ἐν), 9,

