-33-

19,,5, 21,9; 5, 4ο,6, 6, 14, 2, 11,6,17;12,5,.5;12,27,
10; 12,-2311, 15, 23,,30, 16, 124, 29, 23, 7, 31, 22,4;
32, 15, 6. part. 4, 85, 6, 9, 29,3(ἀντ-), 12,3, 1, 12‚2511,
7, 16, 15, 7. inf. 5, 32, 2, 9, 31, 7, 12, 25, 3, 30,4, 10.

εῖρημαι. ind.2, 22, 10; 2, 33, 3, 3, 47, 4, 4, 81,14, 5, 5,13;
6,,;46(προ) 6,·11,4(ἀπ·,)6,15,;16,57,3,9,1,6,
9,991ο,11,4·1ο,,,1671ο,3,;6115,,,44.’16,19,7;
21, 13, 11, 21, 23, 15(προ); 29, 6, 1, 29, 121, 31, 14, 7
(προ), 36,4,1; 38,.2,11 part-l,l‚3; 1,14,9; 1,26,
16, 1,27, 2, 1,33,1,1,31,9(ᾱπ-), 1,35, 7, 2, 3,9; 2,
33, 10; 2, 47, 6; 2, 63, 6, 3, 1, 7, 3, 6, 6, 3,53,4, 3,113,
7, 4, 33, 7, 4, 44, 1, 4, 6ο,3; 4, 86, 2, 5, >11, 7, 5, 49, 3,
6, 6, 1, 6, 11, 10; 6, 12, 7; 6, 56,2 (ἂψ), 7,13,2,’ 3,4, 1,
3, 6,3, 3, 1ο,3; 3, 17,3, 9, 33, 1, 9, 44,2, 19, 6,2, 10,
35,1; 10,38,1; 10,43,6; 11,2,3; 11,3,7; 11,1ο,2,
12,7,4,12,14,6, 12,24,6, ,12, 2535, 12,251), 1, 14,
1ο,5, 15, 31, 10; 13,1,2, 13,11,3, 13,35,3, 13,4ο,4,
21,6,3, 22,3,9, 22,13,11, 23,2,9, 24,1ο,14, 23, 4,
4, 23, 17,9, 29, 6,5, 29, 12, 2, 29,23, 7, 29,26, 1, 30,
3,1, 34, 3, 12, 33,1,9, 33,3,1, 39, 3, 4. inf.1,35,4;
3, 12, 1, 4, 31,6, 4, 33, 19, 11,1ο,6, 15,36,10; 24, 3,
1, 34, 2,5; 34, 2, 12, 34,11,2ο, 33,3,14, 39, 2, 3
imperat. 1, 36, 1, 3, 33, 4, 4, 3, 12, 4, 21, 10; 4, 42, 6, 4,
42, 7, 4, 74, 3, 5, 90, 5; 6, 11,9, 9, 10, 13, 9,’2ο, 10; 9,
26⁸‚11;9,30,5; 9,31,1, 9,37,1; 1ο,5,9, 1ο,33,6,
11, 2, 11, 12, 7,2, 12, 22, 7, 13, 3,3; 15,36,11, 13, 15,
17, 23, 14, 12, 33, 4, 9, fr. 23.

προειρημένος. 1,2,4; 1, 3,6; 1, 7,4; 1, 8,2; 1, 9,3; 1,11,
3, 1, 12, 1, 1,13’,4,1,13,6, 1,13,3,1,13,11,1,14,1,
1,15,13; 1,19, 1, 1. 19, 7, 1,19,12; 1,20‚ 7, 11,2ο,3,
1, 21,5, 1, 31, 2, 1, 34,9, 1, 39, 12, 1,41,6, 1,42,9,
1, 43,7, 1,43,7, 1, 49, 12, 1,55, 3, 1, 57, 4, 1, 53, 1, 1,
64,5, 1,66,.1, 1,69,6,1,7ο,3, 1, 71, 2, 1, 75, 4, 1,75,
3 bis, 1, 75,9, 1, 76, 10; 1,'77, 4, 1, 79 4,1,,1331,2 1,
33,3, 1,33,11, 2,1,1, 2,5, 2, 2, 54 ,2,
2,14,1, 2,14,7, 2,14,12, 2,15,3; 1
2,16, 153 2‚17,2; 2,17,8;, 2,19,6; 2
2,21,1,2,21,4,2,21,3;2,22, 3, 2, 27, 3, 2,23,

3, 12,7
2, 6, 16,
2, 0, 20,
2

3· 2,
3; 2,
4, 2,
4;2,3 ,1 ;
3 .

