...15-

63 21,15,8(ρ,παρα); 212231 uma: 22,.5, 632 2251439
(Ρ), 22, 20, 2 (1)), 22, 22, f (Ρ), 23, 2, 9³ 23, 5, 23 24, 10,
8, 25, 2343227, 13, 13 28, 12, 83 28, 13, 43 29, 6, 4, 29,
21, 7, 29, 24, 14 (p)3 30, 1, 1.(p)3 30, 5,16, 30, 18, 2, 31,
12, 3 (ρ), 33, 18, 2 (p, παρα), 36, 12, 5, 36, 16, 2 (ρ), 39,
’ 1,1. part. 1, 1, 53 1, 4, 33 1, 4, 7, 1, 6, 6, 1, 7, 93 1, 11,
2(προ), 1,17,3, 1,19, 14, 1, 22,1, 1,28,2(παρα), 1, 29,
4, 1, 29,6, 1, 32 2, 1,137, 5, 1, 38, 13 1,38, 1 (προ), 1,
38, 2(παρα), 1, 38,5,1,45,1(παρα), 1,49,5(παρα), 1,
54, 5, 1, 65, 6, 1, 66,8 (παρα), l, 68,7(προ), 1,68, 113
1, 72, 1 (προ), 1, 74, 93 1, 75, 3 (προ), 1, 76, 1, 1, 86, 2,
2,4,,5 2,,48, 2,,,55 2,,711,2,ξ6,6,2,,813,2,,113,
2,19,6, 2,20,,9 2,21,,2 2,,215(παρα), 2,,262, 2,26,
5, 2,27, 3(προ); 2, 28, 11, 2, 33,2(προ) 2, 37, 6 (προ),
2, 42, 43 2„52 4, 2, 57, 2, 2, 71, 8(παρα), 2, 71, 10(προ);
, 1,9, 3,1,10(προ), 3, 8, 5; 3, 9, 6, 3, 16, 2(προ), 3, 19,
,,20 6, 3, 26, 4, 3, 31, 2(προ), 3, 34, 3(προ), 3, 40,
0)3 3, 40, 11, 3,44, 12 (προ), 3, 51, 1,,3, 52,6(παρα),
,5 (προ), 3, 58, 9(προ), 3, 59, 3, 3, 59,8 (προ), 3, 66,
‚6 5, 3, 67,6(πρθ); 3,67,8; 3, 67,8(ἑπι), 3, 68,
,6 15, 3, 72,2; 3, 75,1; 3, 75,4, 3, 76, 8, 3, 78, 4,
,1 3, 85, 7 bin3 3, 85, 83 3, 86, 10, 3, 87, 3, 3, 87,
,9 7, 3,96,38 3,,971,3,,999,3,,1031, 3,103,
,,104 (προ), 3,108,3, 3,111,1 (προ), 3,116,11;
6· 4,83 4, 7, 6(προ), 4, 9, 5(παρα); 4, 14,-1,
2

0³

f&

mpoaepvvofflgw

7,
8,
3,
1,

52-
δ’
,μ

ωρηιμῖντιμρροωιᾳωωχιρφω-ωο
Λ
ἕψον
aaz..

φςφὲ,
&L

‘³¹90'
*⁴ ω
ω

