.-1<;..a

4,4; 8,,,410 8,,92, 8,,,114 8,]31, 8,,,1418,,143,
8,14,;6 8,,,2212 8,23,1, 8,23,;4 9,,68, 9,,82
(παρα), 9,,122, 9,,1411, 9,23,1, 9,30,8, 9,31,,3 9,
31,· 3 (ἐπι), 9, 31, 6, 9, 31‚·6 (ἐπι), 9, 32, 8 (ἐπι), 9, 33,12,
9, 34, 5, 9, 35, 5, 9, 35, 7 bis3 9, 36,1, 9, 36,,2, 9, 36, 7
» (προ), 9, 36, 9, 9, 38, 2 (παρα), 9, 39, 6, 9, 42, 6, 9, 42, 7,
9, 44, 2, 10, 5, 3, 10, 6, 10 (προ), 10, 9, 2, 10,.11,4, 10,
19, 8, 10,31,3,10,36, 2, 10, 49, 6, 11, 1,2, 11, 2, 8 (προ),
11, 3, 5, 11, 27, 4, 11, 30, 1, 12, 11, 4, 12, 13, 8, 12,-15,
2, 12,15, 6, 12, 15,11; 12, 16, 7, 12, 25, 9, 12, 25¹², 2, 12,
25¹³, 2, 12, 25¹), 3 (προ), 12, 25⁴³, 1 (προ), 12, 25⁶, 6 (προ),
12, 25‘, 4, 12, 2554 (προ), 12, 27⁸, 5 (προ), 12, 28², 10
(παρα), 14, 1², 1, 14,5,14, 14, 6, 6, 14, 7, 3, 15, 1, 3 ,
15,1,9; 15,4,8 (παρα), 15,4‚ 113 15, 7‚2(n90); 15‚9‚4{
15,10, 2 (προ), 15,11, 6 (παρα), 15,11,6 (προ), 15, 11, 7,
15, 12, 7 (παρα), 15,13, 7, 15, 19, 5, 15, 25, 8, 15,,25, 18
(προ), 15, 25, 28, 15, 34, 2 δίε, 15, 35, 1, 15, 36, 9 (προ),
16, 6,11, 16, 8, 6, 16,15, 6, 16, 21, 8 (παρα), 16,21,11;
16, 23, 5 (προ), 16, 25, 1, 16, 25, 8, 16, 26, 5, 16. 27, 2,
18,19, 7, 18,ψ21, 3, 18, 23, 5 (προ), 18, 23, 6 (προ), 18,
28, 6, 18, 32, 1, 18, 32, 13, 18, 46, 9, 18, 47, 5 (παρα),
18, 50, 6, 18, 51, 7, 18,54, 1 (παρα), 20, 5, 10, 20, 8, 1,
20, 9, 7 (προ), 20, 10, 9, 20, 10,13, 20, 11, 7 (προ), 21,
4, 9, 21, 6, 6,(παρα), 21, 9, 1, 21, 14, 5 (προ), 21, 19, 6,
21,19, 10, 21, 19,12, 21, 21, 1, 21, 21, 9, 21,21,11, 21,
23, 11, 21, 25, 8, 21, 34, 1, 22, 3,1, 22,11, 1 (παρα), 22,
11, 5 (παρα), 22, 13, 8, 22, 13, 12, 22,14, 2, 22,,17, 1,
22, 18, 8, 23, 2, 8 (παρα), 23, 9, 4 (παρα), 23, 9, 7, 23, 10,
14 (προ), 23, 11, 3, 23, 12, 5 (προ), 23,12,9; 23, 16, 4
(παρα), 23, 16, 6 (παρα), 24, 1, 1 (παρα), 24, 1, 3 (τ’ταρα),
24, 1, 5, 24,·5, 2, 24, 7, 7; 25‚·4, 6, 27, 6, 1 (παρα), 27,
7, 4, 27, 7, 16 (παρα), 27, 8, 4, 27, 10, 3, 27,13, 3(παρ,α),
27, 15, 5, 28, 2, 7 (παρα), 28, 7, 1, 28, 8, 8, 28‚12,-93
29, 19, 1 (παρα), ι29, 21, 8, 29, 24, 13, 30, 3, 1, 30,-6, 4
(προ), 30, 7, 4 (προ), 30, 8, 2, ,30, 13, 1, 30, 16, 1,,30, 18
1, 30, 18, 3 (παρα), 30, 19, 14 (παρα), 30, 19, 15, 30, 27,
1, 30, 30, 1 (παρα), 30, 31, 14, 30, 31, 19 (παρα), 31, 1, 2
(παρα), 31,7, 1, 31, 7, 3 δῖε, 31,10, 1, 31,10, 4 (παρα),

