-17-

- 31, 10, 6, 31, 11, 2 (παρα), 31, 12, 2, 31, 12, 2 (παρα), 31,
14, 1, 31, 15, 6, 31, 17, 1 (παρα), 31, 27, 83 31, 30, 33 31,
33, 5, 32, 5, 2, 32, 6, 8, 32, 8, 7, 32, 13, 1 (παρα), 32, 14,
1 (παρα), 32, 16, 1, 33, 7, 1 (παρα), 33, 7, 3, 33, 9, 8, 35,
2, 7, 35, 2, 8, 35, 2,14, 36, 9, 8, 36,10,.3, 36,10, 5, 36,
17,16, 38, 1, 2, 38, 2, 10, 38, 3, 13, 38, 4, 8, 38, 9, 3,
38, 9, 4, 38, 10, 5, 38, 11, 2 (προ), 38, 15, 1 (προ), 38, 15,
6, 38, 16, 6, 39, 7, 3 (προ), 39, 8, 3 (παρα), 39, 8, 7, fr, 15,
fr. 40, fr. 42; fr. 43 (προ), fr. 59. inf. 1, 16, 7, 1, 40, 16,
2, 37, 10, 2, 53, 3, 2, 58,15; 2, 59, 5, 2, 63,5 3, 4, 7, 3
4, 13, 3, 9,6, 3, 103, 2, 3, 106, 5, 4, 2, 2 (παρα), 4, 5, 2
4,60,6; 4, 84, 7, 5, 37,6; 5,42,2; 5, 52, 4, 5, 55, 4, 5,
60,5, 5,106,3; 6,5,5, 7,7,2, 7, 7, 4, 7, 7, 53 7,12, 3,
7, 12,9, 8,1,3, 8,10,4; 8,17,4; 8, 26, 11, 8, 29, 4·
9,3,9, 9,8,13, 9, 17,9; 9,22,8, 9, 23, 2, 9, 24,1, 9,

¹ 25, 1, 9, 28, 1, 9, 29,5, 10, 2,2· 10, 3, 3, 10, 10,12, 10,
34, 6 (παρα), 11, 14, 5, 11, 34, 2, 12, 3, 2, 12, 6,’1, 12,
61‘, 1, 12,12¹³, 3, 12,13, 9, 12, 15, 2: 12, 15, 5, 12,15,
8, 12,16,1; 12, 16, 5, 12, 23, 5, 12, 25, 4, 12, 26,2, 12,
27⁸, 4, 13, 4, 8, 14, 1⁸, 4, 14, 9, 5, 15, 8, 1, 15, 8, 2, 15,
16, 6, 15, 25, 1, 15, 33, 11 (παρα), 15, 34, 3, 15, 35, 6;
15,37, 13 16,12, 2; 16, 14, 5, 16, 22, 6, 16, 23, 4, 16,
28,1; 16, 28, 8, 18, 13, 9, 18, 37, 9, 18, 55, 3, 21, 15,3;
21, 22, 6, 21, 30, 9, 21, 34, 7, 22,14, 3 (παρα), 22,14, 3,
23, 13, 1, 23, 14, 6, 24, 9, 11, 27, 7, 9 (παρα), 29,1, 2,
29,2, 1, 29, 5, 2, 29,8, 1, 29, 9,11; 29, 24, 7, 30, 1, 6,
30,12, 3, 30, 31, 13, 31, 12, 4, 31,15,11, 31, 22, 6, 33,
1, 1, 35, 4, 8, 36, 4, 9, 38, 1, 4, 38, 1, 9,

b) γεγένημαι. ind. 8, -2, 7, 24, 15, 12 (p). part. 1, 1, 1 (προ),
1, 2, 1 (προ), l, 40, 1 (προ), 1, 43, 4 (προ), 1, 49, 4, 1, 53,
8 (προ), 1, 55, 5, 1, 64, 5, l, 66, 5 (προ), 1, 67,12, 1, 76,
11 (προ), 1, 79,11, 1, 80, 6 (προ), l, 80, 8, 1, 87, 4 (προ),
2, 1, 7 (προ), 2, 18, 4 (παρα), 2, 25, 10 (προ), 2, 47, 2 (προ),
2, 49, 7, 2, 50, 9 (προ), 3, 21, 1, 3, 28, 1, 3, 40, 8 (προ),
3, 42, 9 (προ), 3, 44, 10 (προ), 3, 54, 1 (προ), 3, 87, 2, 3,
108, 4 (προ), 3, 109, 3 (wok 3, 114, 1 (wok 4, 9,4; 4, 19,
12 (προ), 4, 71,10; 4, 81, 1, 5, 1, 7, 5, 2, 10 (προ), 5,14,

8, 5, 14, 11, 5, 20, 3 (προ), 5, 25, 1 (προ), 5, 26,210 (προ),

