,45-

bis3 23, 9, 11; 28. 23,5; 32,3,4; 34,10,4; 38, 20, 11.
part. 1, 10, 4, 2, 10, 5, 2, 64, 7, 4, 51‚2; 4, 62, 4, 8,10,
5, 15, 25, 32, 18, 33, 1, 21, 11, 6, 22, 13,5, 28, 5, 4, 30,
6, 3; 30, 14, 7, 3ο,31, 10. inf. 4,16,2; 5,11,8; 6,1,3;
6',56,10; 6, 58, 6; 21, 11, 8; 21, 35, 2, 23, 2, 6, 23, 7, 1,
23, 18, 23 27, 7, 12, 28, 7, 9, 31, 10,2; 32, 3, 2; 39, 6, 4.
πεποίημαι. ind. 1, 15, 13; 1, 64, 43 1,66, 12 (ρ), 1,68, 13 (p);
2, 12, 4 <p); 2, 17, 63 3, 7, 4³ 4, 66, 3 <p); 5, 5, 1 (p); 5, 27,
5; 5, 99, 1 (ρ), 6,1ο,13; 6,43, 1, 8,20,7(p); 9, 38,9;
9, 41, 9 (p), 10, 11, 5; 10, 21, 5(p); 10, 21, 6; 10, 30,3 (ρ),
11.5,4;11,5,7; 12,7,4, 12,9,1; 12,12*’,'1(ev); 12,
13,9; 12,23,1; 14,12,·1, 16,14,33 18,50,8; 23,9,8
(ρ), 23,17,3, 30, 5, 6 (ρ), 30, 9, 20; 30, 32,3; 31, 30, 1,
36, 1,3, 39, 8, 5. part. 1, 2, 7,1,6,6, 1,1ο,5, 1,24,
(ἀντι), 1, 50,5; 1,67,12, 3,15,3; 3,19,6; 3, 57,2; ,
69,5; 3, 116, 13, 4, 19, 8, 4, 31, 7, 4, 43, 9, 4, 67, 7,
8ο,14, 5,28, 1, 5, 5ο,9; 5, 67,5(ὰντι), 5, 85,8, 5
3, 7, 7, 1, 9, 1,5; 9, 6,6, 10, 31,6, 12, 23, 7, 12, 25¹²,
(περι), 15, 22, 2 (περι), 35, 4, 8. inf. 1, 25, 53 1, 79, 73
50,5; 3, 9,>7, 3, 26, 7, 4, 17,4, 4, 28, 2, 4, 48, 7, 5,2
3, 5, 78, 4, 5, 107,6, 7, 3,6, 7, 3, 7, 9, 43,2, 11,24,5,
12, 65, 4 (προ), 15, 5, 13, 16, 8, 2; 16, 17, 1, 21, 25, 2, 21,
39,12, 24, 9, 14, 30, 2ο,3(ᾰντι); 30, 31, 18; 34, 2, 10;
38, 5, 1.

1
3
4,
, 86,
6
2,
6,

πολεμὲω.
πεπολέμηκα. ind. 9, 31, 4 (συμ). part. 1, 65, 9; 18, 3, 93 32,
15, 133 35, 2, 7. inf. 3, 16, 3 (συμ), 3, 30, 43 11, 24⁸, 33
30, 1, l (συμ); 33, 16, 6 (συμ); 36, 9, 6.
πεπολέμημαι. ind. —-. part. 25, 4, 2 (κατα). inf. —.

π .
πεπολίτευμαι. ind. 12, 25¹², ἕξιτῖἕῖυᾎ, 3. pa'rt. 4, 14, 7 (προ),
12, 13, 8 (ἀντι), 39, 8, 1 (προ). inf. —.

πολυπραγμονέω.
πεπολυπραγμόνηκα. ind. --. part. 9, 15, 7. inf. --.

πονέω, ¹
πεπόνηκα. ind. —. part. 3, 49, 11. infi. -.
πεπόνημαι. in'd. -. part. 29, 27,11“·(κατα). inf. .—.

