μ35..

1914)9148915
9,‚;,243926,5;‚926,1;9,26,9;, ·
32,1; 16,,16 10,2,6;1'0„37;10,4,;610‚7,;6 ιο,

8,1,10,,,9410,,1,7410,,185,10,21,5,10,,225,10,
22,6,10,22,8;10,24,1;10,24,5;10,27,8,10,27,13,
10, 28, 2, 10,31, 1, 10, 33, 7, 10, 40, 2, 10, 42, 8, 10, 44,
9, 10, 46, 5, 10, 49, 8, 11, 9, 9, 11,11, 5, 11,16,4,11,
16, 5, 11, 18, 5, 11, 22, 3, 11, 25, 7, 11, 31, 2; 11, 32, 2,
11, 34, 7, 12, 3, 5, 12, 3, 93 12, 6¹³, 4 δίε, 12, 17, 5, 12,
19, 7; 12, 25, 5, 12, 25, 6, 12, 25¹¹, 6, 12, 261‘, 4, 12, 26⁶,
4; 12, 28², 8, 13, 6, 6; 13, 8, 4;14,2, 1, 14, 5, 14, 14, 9,
3,15,1,,415,15,;115,,158,15,,,19815,20,,415,
20,,515,,217,15,22,;415,23,4,15,,,251115,25,
36;15,27,2, 15, 28,3; 15,31,9,15,31,10,15,32,11,
15,,343,15,,345;15,35,,7168,,316,8,9,16,13,
3 bis; 16, 14, 1, 16, 14, 9, 16,,15,1; 16, 15, 3, 16, 16, 1,
16, 16, 4, 16, 16,6,16, 17, 7, 16,17,8;16, 18,1, 16, 23,
1, 16, 26, 1, 16, 29, 5, 16, 31, 5, 16, 31, 7, 16, 32, 5, 16,
34, 3,, 18, 7, 7, 18,11, 5, 18, 11, 8, 18,12, 3, 18, 13, 9,
18, 14, 5, 18, 14, 15, 18, 22, 1, 18, 22, 9, 18, 28, 8, 18,
31,4; 18,31,6; 18,32,6; 18,35,5; 18,41,3, 18,41,5;
18, 41, 6, 18, 43, 8, 18,43,12,18,45,10,18,45,11; 18,
54, 2, 18, 55, 5, 20, 4, 2, 20, 5,1, 20, 7, 4, 2Ο,11,10,
21, 4, 4, 21,5, 1, 21, 5, 2, 21, 9, 2, 21, 11, 12, 21, 13, 7,
21, 13, 10, 21, 13, 14, 21, 17, 1, 21, 25, 3, 21, 25, 7, 21,
26, 3, 21, 26, 9, 21, 30,16, 21, 35, 5, 21, 39, 6, 22, 1, 7,
22, 5, 9, 22, 6, 5, 22,9, 1, 22,9,12; 22,10,15; 22,18,
3, 22, 19, 4, 23, 7, 6, 23,10,16; 24, 1, 3, 24, 8, 8, 24,
10, 8, 24, 13, 8, 25, 2, 9, 25, 5, 4, 27, 2, 2, 27, 2, 4, 27,
7,12, 27, 9, 8, 27, 15, 8, 27, 15, 13, 28, 1, 3, 28, 3, 9,
28, 12, 6, 28, 13, 7, 28, 16, 8, 29,2,1, 29, 3, 7, 29, 4, 4,
29, 9, 6, 29, 11, 4, 30, 3, 1, 30, 3, 5, 30, 4, 2, 30,5, 1,
30, 8, 5, 30, 14, 5, 30, 14, 7, 30, 25, 10, 30, 29, 5, 30, 29,
6, 30, 29, 7, 30, 31, 4, 31,·2, 5, 31, 9, 4, 31, 11, 7, 31,
11, 9, 31, 13, 8, 31, 14, 6, 31,15,10, 31, 22, 3, 31, 23,
3, 31, 23, 4, 31, 26, 3, 31, 26, 8, 31, 27, 7, 31, 29, 6, 31,
33,·2; 31, 33, 5, 32, 2, 8, 32, 3, 1, 32, 5, 9, 32, 5, 11, 32,
13, 4, 32,‹13, 8, 32, 16, 5, 33, 1, 2, 33, 13, 8, 33, 16, 6,

