—20-

31, 1 (προεισ), 11, 30, 1, 12, 3, 2 (ἐν), 13,1, 3 (ἐν), 16, 6,
10 (ἀνα), 20, 11, 10 (ἐν), 38, 17, 2. inf. 1, 23, 10 (συν), 6,
17, 3 (ἐν), 9, 23, 2 (ἐν).
δήλόω.

δεδήλωκα. ind. 2, 22,11; 2, 71, 8, 3,1,1, 3,1, 8, 3,10,1,
3, 28, 4, 3, 29, 1, 3, 60, 1, 4, 21, 12, 4, 37, 4, 4, 66,10;
5, 31, 6; 10, 34,1, 11, 2, 3, 16,13, 2, 31, 23, 4, fr. 78.
part. —. inf. -.

δεδήλωμαι. ind. 2, 59, 3, 4, 66, 4, 5, 111, 8, 9, 2, 2, 9, 20,
4, 11, 2, 2, 12, 27, 3. part. 1, 86, 1 (προ), 2, 53, 5 (προ),
3, 2, 1 (προ), 4, 28, 6, 4, 33, 10, 10, 21, 7, 10, 32, 7, 14,
12, 4. inf. 21, 42, 3 (ἀπο).

διδάσκω.
δεδίδαγμαι. ind. -. part. 34, 14, 3. inf. -—-.
(ἀπο)διδράσκω.
ἀποδέδρακα. ind. —. part. —. inf. 2, 25, 7.
δίδωμι.

δέδωκα. ind. 3, 30, 1 (p).·‚ 6, 43, 1 (παρα), 8, 12, 7 (παρα), 11,
5, 7, 14, 1⁸, 5 (ἀπο), 21, 20, 9, 21, 43, 18, 23, 5, 13 (ἀπο),
36, 11, 3 (παρα). part. 1, 56, 9, 2, 12, 2, 3, 84, 4 (προ), 6,
11, 2 (ἀπο), 6, 36, 6, 8, 37, 2, 12, 25⁶, 6, 12. 26⁸, 3, 16,
22⁸, 5’(παρα), 18, 55, 6 (παρα), 20, 10, 7. inf. 2, 58, 9, 11,
24·“, 3 (παρα), 16, 20, 7 (προεκ), 21, 11, 9, 21, 31, 7 (ἀπο),
36, 3, 3.

δέδομαι. ind. 6, 34, 11, 9, 2, 2 (παρα), 12, 5, 9 (p, παρα), 18,
32, 5. part. 3, 86, 11, 3, 103, 5, 6, 10, 8, 6, 32, 1 ter3 6,
36, 6, 7, 1, ¹l (παρα), 7, 2, 5, 8, 18, 7 (παρα), 10, 40, 9,
13, 9, 4, 15, 11, 12 (δια), 15, 22, 3 (δια), 25, 4, 5, 30, 25, 14
(παρα), 30, 32,11,31, 10, 5. inf. 1, 70, 3 (ἀπο), 2, 37, 6 (ἐκ),
9,17,71(ἀπο), 18, 45, 10, 22, 5, 7, 25,5, 1, 31, 2, 10 (παρα),
31, 28, 2 (ἐκ). imperat. 16, 12, 11.

διχοτομέω.
δεδιχοτόμημαι. ’ ind. —. part. 10, 15, 5. inf. —.

δ .
δέδογμαι. ind. 4, 30, 7, 16, ἕὲῗέ, 29, 11, 5. part. 2, 3, 1, 3,
40, 2, 3, 44, 5, 4, 9, 7, 8,19, 7, 11, 26, 2, 20,10,1, 21,

