‚13,.

5, 37, 4, 5, 38, 10 (προ); 5, 50, 3 (ἐγ), 5, 52, 14, 5, 53, 7
(προ), 5, 81, 2 (προ), 5, 95, 2, 6, 6, 3 (προ), 6, 20, 9, 6,

53, 8, 8,1, 8 (προ), 9, 11, 4 (προ), 9, 36, 23 10, 6, 1 (προ), ⁷

10, 24, 6 (προ), 10, 37, 7 (προ), 10, 39, 5, 11, 31, 3 (προ),
12, 6·, 4 (προ), 12,19, 3, 12, 250, 2 (προ), 15, 4, 73 15, 11,
4 (παρα), 15, 23, 3, 15, 25, 24 (προ), 15, 33, 11, 16, 22, 4
(προσ); 16, 25, 4 (προ), 18, 6, 5 (προ), 20, 4, 1, 20, 6, 7
(προ), 20, 9, 8, 20, 11, 8, 21, 8, 2, 21, 13, 5; 21, 14, 3,
21, 16, 5 (προ), 21, 24, 23 21, 30, 13, 21, 38, 6 (συγ); 22,
10, 2 (προ); 22, 14, 10 (προ), 24, 14, 1, 24, 14, 7 (προ), 25,
4, 8; 27, 15, 8 (προ), 28, 4, 3, 28, 7, 123 30, 1, 4; 31, 33,
1, 32, 7, 5 (προ), 33, 18, 12, 35, 2, 14 (προ), 35, 4, 3, 36,
17, 12. inf. 4, 17, 10.
γιγνώσκω.

ἔγνωκα. ind. 3, 118, 5 (p, ἀπ·); 10, 47, 9 (ἂψ). part. 1, 23, 5
(κατ·); 1, 31, 8 (ἀπ-); 1, 48, 2 (ἀπ-); 1, 86, 1 (ἀπ·), 2, 7, 9
(ἐπ-); 3, 89, 2 (bt->3 3, 89, 6 (ἀπ·); 5, 1, 5 (ἀπ-); 5, 26, 2 (ἀπ-),
5, 35, 10 (mr->3 5, 58, 1 (ἐπ-), 5, 61, 5 (κατ·), 5, 71, 12 (bt->3
5, 72, 6 (dtr-k 5, 72, 7 (ἀπ-), 6, 9, 11 (err->3 7, 15, 3 (ἑπ-);
7, 15, 4 (ἀπ-), 8, 37, 12 (ἑπ·), 12, 25¹², 4 (dn->3 12, 25⁶, 5
(ἀπ-); 12, 28, 12 (ἀπ-), 18, 8, 1 (ἀπ-), 22, 14, 6 (κατ-); 23,
5, 15 (ἐπ-). 31, 27, 16 (κατ·); 38, 7, 8 (ἀπ-), 38, 11, 6 (κατ-),
fr. 37 (ἐπ-). inf. 2, 47, 8 (ἀπ-); 3, 32, 9 (ἑπ-),Υ 9, 13, 5 (ἑπ-).

ἕγνωσμαι. ind. -. part. 5, 30, 1 (κατ-); 23, 2, 9 (ἀπ-); 30, 8,
3 (ἀπ-). inf. —.
γράφω- ,
γέγραφα. ind. 3, 22, 3 (ὑπο), 4, 68, 7 (ρ), 12, 25², 5, 16, 14,
1. part. l, 64, 3 (συγ), 2. 56, 1, 3, 6, 1 (συγ); 3, 47, 6, 5,
3, 3; 7, 7,1; 15, 34,1. inf. —.

γέγραμμαι· ind. 15, 25, 5 (p); 16, 36, 3 (p); 16, 36, 5 (p, ἐτ);
21, 43, 24, 22, 4, 6 (p, ἐπι); 28, 7, 8 (p). part. 1, 4, 6, 3, 9,
1; 3, 25, 2 (ὑπο), 5, 93, 8, 6, 34, 8 (ἐπι), 8, 10, 7 (προ); 8,
19, 4, 8, 19, 5, 8, 19, 63 10, 44,10;10, 44,11,10, 44,12,
10, 45, 3, 10, 47, 7, 12, 10, 3 (ἀνα), 12, 25⁶, 1 (προ), 15, 8,
8, 15, 29, 6; 16, 26, 5, 16, 36, 4 (ἐπι), 16, 36, 4 (ἐγ), 27,
4, 4, 29, 26, 1, 29, 27, 5, 29, 27, 7, 32,6, 1 (προ); 36, 11,
1. inf. 10, 44, 4, 12, 9, 3 (ὑπο), 12, 10, 5 (ἀνα), 27, 7, 10.

